300 162
286 192
322 244
340 194
right shoulder

107,163, 76,191, 86, 239, 112,214 
left shoulder

117,188, 117,270 192,265, 190, 188 left chest

212,192,212,269,287,270,287,191 right chest

104,24178,259,95,330,128,280 left bicep
318,251,301,283,329,341,352,303 right bicep

200,271,160,286,161,390,200,494,215,491,240,380,244,294
abs

148,469,114,529,131,648,192,648,200,537 left quads
263,460,223,540,222,651,283,650,302,529 right quads
148,165,112,225,111,187 left shoulder
329,160,371,234,372,197 right shoulder
163,195,154,256,185,388,232,334,288,388,312,360,329,188 back
219,137,163,158,230,185,282,182,327,160,271,138 traps
236,345,179,405,231,441,289,409 Lower Back
191,423,157,455,162,502,189,533,228,514, left cheek
281,433,242,465,243,511,277,537,309,512,305,461 right cheek
167,552,167,684,226,684,225,552 left hamstring
256,546,315,546,315,685,257,685 right hamstring

168,703,170,812,219,814,222,702 left calf
262,710,263,814,313,812,315,710right calf